"P6S2T2"	"P2S1T2"	"P3S1T3"	"P5S1T3"	"P6S2T3"	"P3S1T2"	"P1S2T3"	"P3S2T2"	"P5S2T1"	"P3S2T1"	"P2S1T1"	"P3S2T3"	"P5S2T2"	"P1S1T1"	"P4S1T3"	"P2S1T3"	"P4S1T1"	"P5S2T3"	"P1S1T2"	"P4S2T1"	"P2S2T1"	"P4S1T2"	"P6S1T2"	"P1S1T3"	"P4S2T3"	"P2S2T2"	"P4S2T2"	"P6S1T3"	"P1S2T1"	"P6S1T1"	"P2S2T3"	"P5S1T1"	"P6S2T1"	"P1S2T2"	"P3S1T1"	"P5S1T2"
"101028"	392564	339669	520881	440509	435361	518644	262375	382699	494526	302988	301682	398868	376804	455094	295279	406139	394727	331605	450759	337306	224358	394933	470747	365142	355159	361303	517244	484875	425966	327324	314959	314371	460332	340195	382272	415103
"36050"	1402	2007	1533	2102	1566	1945	2032	1911	1528	1806	1413	2101	2029	1556	1668	1624	2026	1667	1688	2024	1724	2026	1537	2261	2417	1703	1798	1544	2053	1258	1907	1565	1515	1721	1496	1668
"56646"	2586	3700	2833	3486	2851	3658	3758	3450	2805	3602	2526	4135	3584	3233	3191	3241	4049	2975	2928	3948	3453	3723	2725	4014	4901	3531	3541	2713	3973	2267	3527	2957	2622	3198	2811	3104
"5518"	940	1309	1105	1363	1004	1295	1384	1198	1076	1157	847	1270	1321	1101	1107	1119	1354	982	1146	1402	1156	1250	1026	1347	1515	1140	1201	1001	1308	823	1296	1035	1082	1207	1041	1121
"5127"	1275	1731	1527	1811	1476	1829	1708	1523	1430	1575	1284	1915	1750	1662	1618	1533	1829	1387	1562	1841	1467	1727	1431	1836	1895	1597	1707	1493	1796	1160	1766	1442	1286	1651	1433	1549
"117187"	1147	2075	1360	1961	1421	1834	2232	1874	1357	1776	1337	1994	1906	1700	1562	1505	2101	1605	1653	2296	1455	2084	1169	2209	2556	1737	2045	1352	1822	1090	1809	1509	1309	1505	1436	1545
"5507"	1799	3309	2007	2648	1895	2620	2390	2386	1966	2336	2004	2574	2395	2188	2163	2185	2590	2057	1944	2986	2413	2520	1933	2766	3695	2221	2279	1921	2353	1590	2369	1941	1842	2185	1856	2054
"1042133"	1387	1882	1661	1858	1562	1955	2093	1977	1588	1801	1338	2173	1803	1769	1472	1828	1976	1538	1566	2015	1602	1753	1530	1839	2517	1804	1771	1491	2033	1405	2087	1604	1447	1883	1567	1851
"1159556"	7413	10751	8601	9495	7270	10499	8845	9136	8711	9341	7628	9165	8574	8640	9065	9834	9650	7819	8128	9772	8525	9342	7728	9294	10632	10063	10017	8237	9943	6902	9992	7920	7794	8859	8478	8718
"280754"	3688	3764	3749	5042	3108	4160	4457	4624	3321	4065	2991	5090	4843	3909	3619	3253	4352	3264	3758	4163	3089	3896	3002	4861	4388	4043	3931	3047	4293	2605	3693	3412	3222	3520	3473	3822
"98403"	10794	15822	13234	13747	10174	15391	12546	13034	13079	13778	11993	12500	12605	12497	13013	15448	14078	11877	11267	13975	13014	12975	11034	12682	14191	15266	15127	12778	13970	10198	15246	12132	11288	13283	12276	13051
"80884"	13936	20912	17562	17674	13023	20476	16078	17528	16780	18083	15616	16841	16257	15833	16653	19445	18133	15341	14273	18555	16859	16621	13729	17112	19905	20478	19244	15913	18007	13307	20016	15481	14684	16999	15597	16504
"2587410"	16732	25753	21186	20537	15865	24145	19043	20083	20253	21022	19170	19315	18544	18861	19966	23984	22146	18230	16360	21973	20188	20223	17035	19526	23144	24618	23522	19794	20933	16237	23821	18405	17832	19730	19405	20363
"78579"	10739	16520	13816	13560	10353	15510	12264	13005	12707	13564	11938	12611	12625	11696	12222	15540	14031	11759	10482	14525	12812	13143	10908	12720	15871	15209	15163	12574	13523	9919	15177	12027	11288	13166	12287	12844
"5141"	4865	9528	5929	6662	5269	7523	8076	6836	5650	6408	5569	6885	6649	6322	6015	8183	7382	5637	6197	7468	7491	7141	5386	7189	9206	8071	7494	5594	7124	4705	7619	5317	5464	6083	5594	5989
"1578925"	4775	7048	6001	6154	4775	6978	5432	5863	5834	5984	4940	5791	5703	5362	5825	6564	6193	5458	4772	6216	5414	5727	4974	5687	6590	6671	6892	5584	6115	4672	6604	5195	4959	6053	5571	5999
"318829"	5156	7186	6434	6720	4934	7231	5856	6352	6268	6295	5717	6312	6294	5840	6057	7045	6778	5810	5179	6763	6158	6192	5477	6146	7080	7305	7257	6286	6643	4985	7066	6023	5516	6500	5691	6656
"148305"	3623	5093	4572	4485	3644	4919	4338	4551	4452	4289	3883	4272	4276	4092	4198	4958	4711	3954	3571	4702	4005	4216	3740	4456	4987	5045	5012	4283	4737	3303	5009	4181	3857	4311	4100	4647
"40559"	2436	3393	2397	5992	2650	3592	4572	3004	2555	3613	1921	4436	3859	3596	2929	2355	3701	2620	3300	3309	2629	3508	2412	3942	4223	2576	2884	2438	3751	2290	3220	2675	2463	3291	2258	2831
"746128"	2910	4103	3804	4075	2874	4319	3797	3695	3469	3644	2937	4496	4197	3636	3485	3905	4148	3434	3390	3865	4036	3957	3017	4111	4217	4021	3923	3427	3972	2785	4099	3163	3244	3687	3313	3650
"1069201"	3082	4604	4244	4715	3421	4752	4829	4896	3502	3981	3174	5288	4792	4309	3565	3780	4502	3494	3796	4876	3720	4961	3216	5139	5074	4183	4529	3287	4260	2767	4673	3509	3418	3886	3298	3712
"5062"	2181	4203	3095	3904	2901	4039	3747	4871	2509	3741	3099	5723	4929	2807	3117	3277	3973	3084	3144	3891	2890	4774	2358	5500	5684	3344	3784	2131	3581	1680	4017	2715	2277	2886	2815	3098
"5059"	456	559	609	681	468	562	554	530	576	560	388	539	505	595	542	442	501	601	554	585	509	529	486	475	510	518	590	587	619	502	599	547	560	569	470	581
"1220207"	2620	3569	3215	3587	2832	3775	3635	3317	3010	3286	2690	3753	3416	3089	3019	3282	3668	3004	2836	3595	3113	3330	2716	3492	3764	3607	3549	3031	3570	2397	3640	2895	2826	3143	2953	3172
"182096"	2330	3374	3126	3791	2397	3457	3501	3124	2661	2945	2290	3900	3486	2961	2860	2790	3253	2849	3028	3346	2618	3231	2344	3783	3673	3062	3253	2550	3466	2076	3278	2873	2483	2857	2578	2936
"121627"	2664	3675	3940	3821	3152	3916	4059	5244	3413	3628	2640	5094	7241	3517	3158	3232	4714	3588	3688	4196	3172	4401	2850	4388	4428	3571	3904	3120	3876	2441	3942	3189	3240	3437	5635	3690
"1047171"	4136	5543	4779	5236	4101	5655	5469	5039	4495	5140	4247	5492	5110	4680	5027	4967	5816	4691	4443	5619	4927	5289	4418	5572	6130	5669	5305	4842	5654	4048	5604	4761	4619	5089	4466	4972
"122368"	2627	4030	3279	4009	2961	3989	4278	3840	3030	3513	2822	4324	3821	3369	3352	3235	4556	3166	3285	4147	2849	4689	2877	4180	5289	3495	3924	3014	3826	2481	3631	3128	2980	3328	2963	3294
"33169"	5692	7421	6348	7188	5688	7471	7008	6741	6608	6643	5599	6796	6412	6413	6171	7353	7202	5975	5942	7070	6810	6744	5825	7008	7391	7252	7174	6272	7858	5362	7552	6315	5922	6883	6107	6434
"45285"	294	388	263	439	307	384	376	345	314	332	257	342	418	384	342	362	376	315	367	398	276	373	341	351	421	371	342	326	431	293	439	256	275	317	287	334
"45286"	366	417	353	470	477	418	473	350	340	483	287	442	478	414	430	427	403	309	501	538	365	450	451	504	511	395	420	341	641	375	481	397	397	426	352	453
"381046"	1235	1682	1470	1601	1196	1628	1370	1404	1463	1480	1274	1387	1307	1402	1380	1715	1490	1316	1240	1494	1508	1405	1178	1380	1515	1556	1609	1343	1544	1155	1689	1339	1299	1396	1380	1546
"1080349"	459	505	390	532	484	589	520	476	473	466	384	527	556	478	445	496	556	440	532	525	442	480	489	564	554	486	540	486	603	423	533	405	404	547	448	438
"4932"	328	361	260	372	345	450	478	326	337	353	212	442	422	371	355	256	374	280	390	395	301	395	380	439	416	339	360	254	459	289	437	260	299	342	282	332
"27291"	300	306	206	354	287	385	314	303	226	304	177	336	297	292	268	270	314	230	362	330	228	360	284	319	375	231	270	240	367	209	333	213	228	260	219	270
"48254"	722	732	673	802	689	832	806	706	753	733	635	687	734	736	795	827	825	627	699	840	696	757	724	716	792	774	724	712	881	686	746	739	687	801	674	807
"4950"	226	285	210	315	256	323	284	315	218	242	173	320	304	314	207	248	309	262	262	340	225	297	280	356	355	244	224	246	276	214	240	192	223	260	204	252
"588726"	727	878	786	1045	768	913	893	798	899	942	696	908	918	802	843	971	923	709	772	940	796	765	811	887	825	871	921	867	984	704	975	739	866	852	788	808
"432096"	219	288	169	320	216	300	314	266	246	265	180	358	330	307	247	219	232	191	309	259	223	316	255	531	305	187	243	176	263	257	319	156	159	223	196	233
"27289"	529	731	487	880	655	790	739	712	556	755	489	807	707	708	678	703	717	465	755	780	715	782	649	774	724	631	673	583	824	641	832	522	494	632	619	616
"27288"	333	591	344	485	392	645	425	515	334	692	299	519	475	521	383	466	508	354	479	543	426	470	452	555	493	403	474	333	603	345	598	313	306	377	419	383
"4911"	488	715	498	695	538	605	643	633	572	642	403	716	673	579	584	581	591	695	590	614	542	682	538	673	642	551	603	490	725	450	668	474	455	508	602	507
"28985"	283	337	221	342	272	335	419	338	275	344	221	416	378	320	314	291	321	301	320	346	286	394	328	385	392	311	300	300	453	260	338	251	276	349	249	340
"1071379"	417	613	393	649	530	637	601	563	487	569	334	864	501	625	473	533	537	413	607	637	475	674	486	665	870	501	546	418	640	464	720	404	435	472	460	547
"113608"	272	440	253	481	330	470	443	414	286	397	237	519	441	386	339	293	371	334	423	392	375	477	343	442	448	356	324	251	368	286	473	290	250	339	289	349
"5478"	480	629	443	637	551	669	728	621	529	646	375	614	620	605	522	549	640	487	591	671	492	523	549	621	609	562	562	545	687	515	686	480	456	609	500	529
"42260"	381	403	306	459	415	413	478	434	333	382	306	449	443	462	370	399	422	359	456	536	375	394	351	487	480	364	415	337	521	367	412	319	361	373	340	403
"4956"	362	448	289	492	355	452	435	443	367	422	298	530	412	387	390	363	408	305	411	462	394	414	330	458	494	414	408	334	448	307	559	307	299	374	335	347
"5007"	1231	1709	1254	1551	1180	1665	1408	1481	1421	1506	1262	1228	1352	1414	1325	1705	1524	1298	1340	1471	1398	1483	1168	1391	1452	1658	1568	1293	1545	1204	1512	1223	1222	1446	1279	1409
"13502"	531	677	526	668	567	693	724	578	514	621	408	604	714	628	621	553	658	567	645	712	599	659	616	661	801	557	617	600	681	545	669	446	444	611	520	570
"1005962"	988	1166	1051	1223	954	1261	1050	1080	1051	1113	938	1075	1126	1015	1008	1151	1153	1026	940	1086	1004	1033	952	983	1204	1126	1142	1129	1187	859	1183	1022	995	1121	949	1051
"4909"	345	479	312	435	387	508	441	405	279	390	278	463	413	456	412	419	420	343	449	526	348	472	389	491	626	420	428	350	485	286	496	274	342	328	370	367
"42374"	580	1062	650	1012	809	1031	1016	1067	732	962	558	1135	1011	1068	741	822	960	759	930	1120	915	935	914	1086	990	813	828	618	1298	682	1192	533	575	690	697	868
"5476"	443	737	425	884	612	808	669	663	616	720	434	802	653	726	589	534	667	484	701	756	553	744	584	703	826	527	604	466	737	466	1203	449	448	526	442	583
"273371"	392	639	344	544	556	681	565	614	415	618	329	588	543	566	524	457	582	450	590	624	447	590	490	699	664	531	533	377	673	488	667	371	394	507	413	505
"4924"	469	504	385	624	548	588	703	542	504	551	430	602	596	629	576	499	594	474	523	567	477	546	543	589	579	495	524	521	630	486	559	533	426	585	471	509
"4959"	242	343	215	382	282	371	378	328	285	291	179	408	434	311	307	268	296	252	364	359	277	376	289	396	357	265	327	206	337	260	323	250	220	269	254	300
"4952"	1973	2533	2226	2432	2072	2596	2406	2380	2247	2274	1917	2265	2330	2197	2155	2491	2441	2204	2060	2446	2177	2319	2232	2338	2431	2581	2325	2430	2562	1912	2531	2218	2133	2360	2192	2455
"796027"	729	1051	822	1036	1031	1212	1186	900	965	947	714	1041	1131	1002	866	923	1042	834	1001	1070	936	1072	939	1183	1270	984	1023	794	1321	758	1083	832	941	971	819	918
"460519"	255	331	264	316	326	367	384	329	289	319	209	371	386	346	327	334	341	283	310	374	282	349	327	330	349	298	328	314	400	287	326	294	263	318	224	362
"4896"	1964	2387	1699	2625	2159	2586	2227	2121	2029	2207	1492	2211	2554	2309	2139	1971	2326	1984	2345	2482	2142	2274	2133	2522	2592	1856	2160	1964	2684	2005	2156	1805	1785	1961	1819	2271
"280036"	6601	9244	7755	8318	6919	9014	8041	7910	8069	8198	6919	8314	7598	7475	7649	8721	8678	7298	6927	8456	8133	7702	6837	7995	8140	9369	8907	7710	8761	6228	9210	7492	7063	8180	7611	8128
"5270"	4085	4824	3801	4767	3767	4937	3869	3988	4360	4309	3666	3997	4128	4126	4617	4968	4489	4114	3901	4500	4411	4401	3783	4122	4396	4818	4960	4075	4702	3930	5194	4192	3924	4618	3875	4597
"76775"	2957	3983	3167	3829	2945	4119	3559	3676	3470	3686	3124	3642	3238	3293	3368	3748	3766	3262	3061	3761	3456	3454	3077	3546	3435	4011	3642	3433	3861	2749	3895	3234	3071	3474	3318	3559
"181124"	4663	3523	3654	7400	7630	4422	8046	6664	4553	4866	3245	8067	6409	5767	4682	3027	6011	5450	6398	7517	4063	6740	2869	10973	4377	4604	4450	2846	9142	2821	4434	4425	4418	5074	4594	5886
"456999"	3168	2620	2804	5870	4301	3169	4962	3673	3012	3049	2195	4500	4148	3640	3042	2327	3620	3974	4137	4250	2924	3671	2648	5771	3428	3403	3316	2368	5503	2339	3374	3474	3180	3922	2705	3819
"37769"	1731	1857	1778	2699	2048	2174	2361	2247	1856	1969	1427	2429	2197	2104	1888	1757	2209	2144	2152	2396	1920	2139	1823	2818	2079	1997	2088	1661	2648	1615	2044	1861	1815	2013	1798	2180
"5207"	1713	2018	1784	2138	1683	2236	2056	1987	1871	1979	1538	1998	2196	1786	1910	2075	2210	1872	1755	2131	1716	2016	1699	2071	2145	2022	2046	1763	2263	1563	1984	1761	1655	1993	1813	2082
"6035"	68	108	94	71	83	78	106	78	86	76	65	101	92	80	72	107	74	80	65	127	69	115	70	78	106	105	109	76	116	74	92	85	61	101	80	67
"58839"	81	103	104	113	95	136	101	73	92	121	57	111	87	78	78	109	98	61	76	94	94	76	99	82	102	105	88	91	113	75	92	109	63	79	88	117
"27973"	80	69	70	104	77	95	85	80	88	79	65	100	91	72	90	79	94	88	81	67	85	94	66	108	90	80	82	86	112	76	91	104	94	106	74	92
"571949"	55	57	27	44	68	37	54	53	35	52	30	41	43	38	42	41	51	42	58	50	42	54	47	39	53	49	42	53	84	57	47	43	41	39	34	51
